-3.34811	0.445603
-3.32432	0.450169
-3.30052	0.454313
-3.27672	0.45963
-3.25293	0.466013
-3.22914	0.472627
-3.20535	0.478617
-3.18155	0.486061
-3.14586	0.474499
-3.09827	0.483011
-3.05068	0.484097
-3.0031	0.477672
-2.95551	0.461189
-2.90792	0.433725
-2.86033	0.39717
-2.81275	0.351874
-2.76516	0.300194
-2.71757	0.246409
-2.66998	0.19253
-2.62239	0.139569
-2.5717	0.0906097
-2.51793	0.0529984
-2.46416	0.0312355
-2.41039	0.0212094
-2.35963	0.0195144
-2.31188	0.0224748
-2.26414	0.0261451
-2.21639	0.0303084
-2.16864	0.0345802
-2.1209	0.038178
-2.07315	0.0412416
-2.0254	0.044453
-1.97766	0.0483718
-1.92991	0.0530189
-1.88217	0.0580552
-1.83442	0.0629176
-1.78667	0.0670424
-1.73893	0.0699492
-1.69118	0.0715024
-1.64343	0.0719024
-1.59569	0.0713126
-1.54794	0.0697995
-1.5002	0.0673284
-1.45245	0.0639852
-1.4047	0.0599663
-1.35696	0.0554492
-1.30921	0.0506474
-1.26146	0.0457608
-1.21372	0.0409431
-1.16597	0.036424
-1.11315	0.0319026
-1.05525	0.0277083
-0.997349	0.0245994
-0.939448	0.0225843
-0.887733	0.0218003
-0.842208	0.0217926
-0.796683	0.0223211
-0.751157	0.0232532
-0.705632	0.0244454
-0.660107	0.0257708
-0.614582	0.0271325
-0.569057	0.0284675
-0.523532	0.0297543
-0.478007	0.0310224
-0.432483	0.0323459
-0.386958	0.0337981
-0.341433	0.035444
-0.295909	0.0374165
-0.250384	0.0403725
-0.20486	0.0473734
-0.159336	0.0649775
-0.113811	0.0970031
-0.0682873	0.14146
-0.0227628	0.201837