-3.36	0.7
-3.30985	0.701591
-3.2597	0.703093
-3.20955	0.704194
-3.1594	0.704837
-3.10925	0.70518
-3.0591	0.705313
-3.00896	0.705303
-2.95881	0.70522
-2.90866	0.705112
-2.85851	0.704998
-2.80836	0.704894
-2.75821	0.704803
-2.70806	0.704689
-2.65791	0.704503
-2.60776	0.704194
-2.55761	0.703674
-2.50746	0.70278
-2.45731	0.701325
-2.40716	0.699237
-2.35701	0.696566
-2.30687	0.693372
-2.25672	0.6897
-2.20657	0.685555
-2.15642	0.680895
-2.10627	0.675657
-2.05612	0.669781
-2.00597	0.663245
-1.95582	0.65607
-1.90567	0.648292
-1.85552	0.639979
-1.80537	0.63127
-1.75522	0.622293
-1.70507	0.613085
-1.65493	0.603653
-1.60478	0.594019
-1.55463	0.584225
-1.50448	0.57435
-1.45433	0.564499
-1.40418	0.554777
-1.35403	0.545306
-1.30388	0.536213
-1.25373	0.527622
-1.20358	0.519619
-1.15343	0.512163
-1.10328	0.505037
-1.05313	0.497912
-1.00299	0.490461
-0.952836	0.482533
-0.902687	0.474194
-0.852537	0.465556
-0.802388	0.456692
-0.752239	0.44762
-0.70209	0.438295
-0.65194	0.428629
-0.601791	0.418499
-0.551642	0.407712
-0.501493	0.395798
-0.451343	0.381905
-0.401194	0.365101
-0.351045	0.344459
-0.300896	0.318771
-0.250746	0.286597
-0.200597	0.246643
-0.150448	0.198284
-0.100299	0.142468
-0.0501493	0.0901177
0	0
)
