(title "Velocity Magnitude")
(labels "Velocity Magnitude" "Position")

((xy/key/label "pole_1")
0	0
0	2.26
0.0141309	0.573846
0.014166	0.599147
0.0146492	0.548545
0.0146869	0.624449
0.0156019	0.649701
0.0157542	0.523244
0.0168258	0.674954
0.0174444	0.497942
0.0182834	0.700207
0.0196986	0.472641
0.0199172	0.725461
0.0216842	0.750714
0.0224938	0.44734
0.0235529	0.775967
0.0254987	0.80122
0.0258152	0.422039
0.0275017	0.826473
0.0295448	0.851726
0.0296561	0.396738
0.0297647	1.88741
0.0297926	1.86211
0.029997	1.91271
0.0300508	1.8368
0.0305136	1.8115
0.0305231	1.93802
0.031159	1.78619
0.0312499	1.7833
0.0312585	1.78303
0.0313228	1.78102
0.0313887	1.96332
0.0316126	0.876979
0.0319676	1.76089
0.0319776	1.76062
0.03209	1.75762
0.032129	1.97883
0.0325675	1.98804
0.0329256	1.73559
0.03369	0.902232
0.0339231	0.37194
0.034008	1.71033
0.0341373	2.01276
0.0352082	1.68508
0.0357615	0.927485
0.0361077	2.03748
0.0365086	1.65983
0.0378108	0.952738
0.037893	1.63457
0.0384839	2.0622
0.0386864	0.347142
0.0393437	1.60932
0.0398205	0.977991
0.0408415	1.58407
0.0412494	2.08693
0.0417719	1.00324
0.0423652	1.55881
0.0436453	1.0285
0.043892	1.53356
0.0439371	0.322345
0.044359	2.11165
0.0453972	1.50831
0.04542	1.05375
0.0468546	1.48306
0.0470745	1.079
0.0477312	2.13637
0.0482374	1.4578
0.0485874	1.10426
0.0495181	1.43255
0.0496568	0.297548
0.0499377	1.12951
0.05067	1.4073
0.0511058	1.15476
0.0512365	2.1611
0.0516676	1.38204
0.0520737	1.18002
0.0524873	1.35679
0.0528249	1.20527
0.0531088	1.33154
0.0533489	1.23052
0.0535155	1.30628
0.0536402	1.25578
0.0536952	1.28103
0.0546796	2.18582
0.0558151	0.272751
0.05776	2.21055
0.0611244	2.23527
0.062368	0.247955
0.0692585	0.223158
0.0708072	0.217792
0.0764165	0.198362
0.0837578	0.173566
0.091181	0.14877
0.0985594	0.123975
0.105724	0.0991793
0.112429	0.0743842
0.1183	0.0495892
0.127144	0.0247945
)

((xy/key/label "pole_2")
0	0
0	2.26
0.0131459	1.40208
0.013148	1.37676
0.0131515	1.42739
0.0131577	1.35145
0.0131643	1.4527
0.013175	1.32614
0.0131841	1.47801
0.0132003	1.30083
0.0132105	1.50332
0.0132342	1.27552
0.0132432	1.52863
0.0132771	1.25021
0.0132818	1.55394
0.0133261	1.57925
0.0133295	1.2249
0.0133756	1.60457
0.0133916	1.19959
0.01343	1.62988
0.013464	1.17428
0.013489	1.65519
0.0135468	1.14896
0.0135522	1.6805
0.0136192	1.70581
0.0136404	1.12365
0.0136896	1.73112
0.0137451	1.09834
0.0137629	1.75646
0.0138388	1.78179
0.0138611	2.23493
0.0138614	1.07303
0.0139167	1.80712
0.0139897	1.04772
0.0139962	1.83246
0.0140766	1.85779
0.0141303	1.02241
0.0141575	1.88313
0.014238	1.90846
0.0142838	0.997098
0.0143176	1.93379
0.0143964	1.95913
0.0144504	0.971787
0.0144521	1.97815
0.0144698	1.9842
0.0145405	2.00927
0.0146063	2.03434
0.0146305	0.946476
0.014666	2.05941
0.0147178	2.08449
0.0147598	2.10956
0.0147665	2.20985
0.0147895	2.13463
0.0147903	2.19094
0.0147981	2.18478
0.0148037	2.1597
0.0148247	0.921165
0.0150333	0.895854
0.0152567	0.870543
0.0154954	0.845232
0.0157498	0.819921
0.0160204	0.79461
0.0163078	0.769299
0.0166122	0.743988
0.0169343	0.718677
0.0172745	0.693367
0.0176334	0.668056
0.0180114	0.642745
0.0184094	0.617434
0.0188288	0.592015
0.0192696	0.566597
0.0197318	0.541179
0.0202162	0.51576
0.0207233	0.490342
0.0212537	0.464924
0.0218079	0.439505
0.0223865	0.414087
0.0229927	0.388668
0.0235904	0.364373
0.0242151	0.340077
0.0248641	0.315783
0.0255376	0.291488
0.0262353	0.267195
0.0269567	0.242902
0.0277003	0.218609
0.0277314	0.217619
0.0284647	0.194317
0.0292453	0.170026
0.030036	0.145735
0.0308266	0.121444
0.0316012	0.0971543
0.0323328	0.0728649
0.0329829	0.0485761
0.0372691	0.0242878
)

((xy/key/label "pole_3")
0	0
0	2.26
0.00626138	1.38246
0.00626145	1.35718
0.00628018	1.40774
0.00628125	1.3319
0.00631686	1.43302
0.00632151	1.30662
0.00637029	1.4583
0.00638276	1.28134
0.00643931	1.48358
0.00646529	1.25606
0.00652266	1.50886
0.0065693	1.23078
0.00661908	1.53414
0.00669478	1.2055
0.00672727	1.55941
0.00684152	1.18022
0.00684594	1.58469
0.00697383	1.60997
0.00700936	1.15494
0.00710969	1.63525
0.007198	1.12966
0.00725229	1.66053
0.00739497	1.68487
0.00740048	1.68581
0.00740698	1.10438
0.00755337	1.71109
0.00763577	1.0791
0.00770914	1.73637
0.0078683	1.76171
0.00788375	1.05382
0.0080282	1.78705
0.00815032	1.02854
0.00818818	1.81239
0.00834717	1.83773
0.00843485	1.00326
0.00850415	1.86307
0.00865808	1.88842
0.00873669	0.977985
0.00880791	1.91376
0.00895259	1.9391
0.00905526	0.952705
0.0090894	1.96444
0.00921819	1.98906
0.0092488	2.23536
0.00933716	2.01369
0.00938993	0.927426
0.00944655	2.03832
0.00954508	2.06294
0.00963125	2.08757
0.00970333	2.1122
0.00974013	0.902146
0.00975917	2.13683
0.00976948	2.14348
0.00979105	2.15811
0.00979109	2.15814
0.00979433	2.21073
0.00979588	2.16146
0.0098002	2.16848
0.00980918	2.1861
0.0101053	0.876866
0.0104849	0.851587
0.0108785	0.826307
0.0112855	0.801028
0.0117056	0.775748
0.0121383	0.750468
0.0125833	0.725189
0.01304	0.699909
0.0135081	0.67463
0.0139875	0.64935
0.0144782	0.624071
0.0149809	0.598736
0.0154943	0.573401
0.016018	0.548066
0.0165519	0.522731
0.0170955	0.497396
0.0176486	0.472061
0.0182108	0.446726
0.0187815	0.421391
0.0193612	0.396056
0.0199332	0.371301
0.0205124	0.346545
0.021097	0.32179
0.0216858	0.297036
0.0222773	0.272281
0.0228693	0.247527
0.0234588	0.222773
0.0240421	0.198019
0.0246136	0.173266
0.0251657	0.148513
0.0256875	0.12376
0.026163	0.0990074
0.0265681	0.0742551
0.0268673	0.0495032
0.0286157	0.0247514
)

((xy/key/label "pole_4")
0	0
0	2.26
0.0151672	0.856852
0.0151765	0.831556
0.0151963	0.882149
0.0152231	0.80626
0.0152641	0.907445
0.015306	0.780964
0.0153709	0.932741
0.0154237	0.755668
0.0155165	0.958037
0.0155742	0.730371
0.0157008	0.983334
0.0157557	0.705075
0.015923	1.00863
0.0159658	0.679779
0.0161812	1.03393
0.0162022	0.654483
0.0164628	0.629187
0.0164736	1.05922
0.0167449	0.603868
0.0167982	1.08452
0.0170462	0.57855
0.0171527	1.10982
0.0173078	2.2359
0.0173644	0.553231
0.0175348	1.13511
0.0176971	0.527913
0.0179417	1.16041
0.0180422	0.502594
0.0182992	2.2118
0.0183555	2.1877
0.0183702	1.1857
0.0183976	0.477276
0.0184151	2.1636
0.0184816	2.13951
0.0185584	2.11542
0.0186405	2.09326
0.0186478	2.09133
0.0187531	2.06724
0.0187615	0.451957
0.0188168	1.211
0.0188755	2.04315
0.0190164	2.01907
0.0191322	0.426639
0.0191773	1.99499
0.0192776	1.2363
0.019372	1.97091
0.0195088	0.40132
0.0195776	1.9455
0.0197479	1.26159
0.0198218	1.92009
0.019884	0.376237
0.0200931	1.89468
0.0202227	1.28689
0.0202625	0.351153
0.0203904	1.86927
0.0206422	0.32607
0.0206961	1.31219
0.0207115	1.84386
0.0210221	0.300987
0.0210525	1.81845
0.0211615	1.33748
0.0214009	0.275904
0.0214077	1.79304
0.0216114	1.36278
0.0217698	1.76764
0.0217776	0.250821
0.0220378	1.38808
0.0221352	1.74223
0.0221503	0.225738
0.0221577	1.74055
0.0224319	1.41337
0.0224753	1.71693
0.0225172	0.200655
0.0227846	1.43867
0.0227964	1.69163
0.0228752	0.175573
0.023081	1.66634
0.0230872	1.46396
0.0232197	0.150491
0.0233178	1.64104
0.0233312	1.48926
0.0234966	1.61574
0.0235096	1.51456
0.023544	0.125409
0.0236093	1.59045
0.0236169	1.53985
0.0236503	1.56515
0.0238378	0.100327
0.0240832	0.0752447
0.0242573	0.050163
0.0250342	0.0250814
)

((xy/key/label "pole_5")
0	0
0	2.26
0.00636905	1.12948
0.00636978	1.15474
0.0063729	1.10422
0.00637506	1.18
0.00638131	1.07896
0.00638488	1.20526
0.00639426	1.0537
0.00639918	1.23052
0.0064117	1.02844
0.00641791	1.25578
0.0064229	1.26177
0.00643358	1.00318
0.00643665	1.27642
0.00644056	1.28058
0.00644099	1.28104
0.00644668	1.28672
0.00645981	0.977925
0.00646833	1.3063
0.00649032	0.952666
0.00649979	1.33156
0.006525	0.927407
0.00653525	1.35682
0.00656374	0.902148
0.00657454	1.38207
0.00660653	0.876889
0.00661749	1.40733
0.00665331	0.85163
0.00666394	1.43259
0.00670386	0.82637
0.00671367	1.45785
0.00675802	0.801111
0.00676647	1.48311
0.0068156	0.775852
0.00682213	1.50837
0.00687647	0.750593
0.00688041	1.53363
0.00694047	0.725334
0.00694106	1.55889
0.00700382	1.58415
0.00700745	0.700075
0.00706843	1.60941
0.00707725	0.674816
0.00713461	1.63467
0.00714972	0.649557
0.00720209	1.65993
0.00722481	0.624298
0.00727057	1.68519
0.00730216	0.598989
0.00733976	1.71045
0.00738181	0.57368
0.00740956	1.73571
0.00741913	1.73919
0.00746347	0.548372
0.00747926	1.76102
0.00754697	0.523063
0.00754895	1.78633
0.00761809	1.81164
0.00763213	0.497754
0.00768632	1.83695
0.00771877	0.472445
0.00775332	1.86227
0.00778076	2.23529
0.00780671	0.447136
0.0078187	1.88758
0.00788208	1.91289
0.00789573	0.421827
0.00794307	1.9382
0.0079862	0.396518
0.00800253	1.96351
0.00805471	1.98822
0.00807433	0.371734
0.0081046	2.01292
0.00815028	2.03762
0.0081635	0.346949
0.00819108	2.06233
0.00822622	2.08704
0.00825286	0.322165
0.00825469	2.11174
0.00826934	2.21058
0.00827523	2.13645
0.00828134	2.15007
0.00828536	2.18587
0.00828622	2.16116
0.00834206	0.297382
0.0084307	0.272598
0.00851831	0.247815
0.00860425	0.223032
0.00868778	0.19825
0.00876786	0.173468
0.00884316	0.148686
0.00886535	0.0247802
0.00891187	0.123904
0.00897142	0.0991226
0.00901817	0.0743415
0.00904671	0.0495607
)
